0.079272
0.079763
0.030354
0.032833
0.028856
0.096766
0.036041
0.058237
0.016957
0.039195
0.039753
0.048334
0.038843
0.027389
0.044561
0.031642
0.01525
0.036516
0.042135
0.029546
0.045929
0.03438
0.061998
0.048519
0.037612
0.050463
0.042461
0.038318
0.021366
0.066162
0.038154
0.042286
0.037305
0.039217
0.04646
0.053697
0.069171
0.048551
0.069785
0.053199
0.036494
0.084845
0.066979
0.067938
0.068756
0.052285
0.04566
0.063468
0.07701
0.07348
0.047343
0.05652
0.054651
0.073457
0.071007
0.080723
0.074199
0.076633
0.071917
0.082217
0.08388
0.10223
0.08859
0.070641
0.04505
0.075147
0.073591
0.091357
0.099536
0.102932
0.100159
0.078839
0.068951
0.10388
0.102473
0.103705
0.081024
0.111322
0.112955
0.09454
0.095288
0.096739
0.114939
0.101431
0.101778
0.094162
0.103796
0.122544
0.10986
0.090743
0.106549
0.136748
0.124289
0.117744
0.11649
0.15013
0.114433
0.162694
0.164922
0.117358
